24 31 100
.#.#.#.#.......#.............#.
x###.#.#.#.#####.#.#.#.#.###.#.
.#...#.....#.#.A...............
.#.###.#.###.#.#.#.###.########
...#.#.....#...#.........#.....
.#####.#.###.#.#.###...#.###.#.
......##.#.....#.#.......#.....
..####.#.#.#####.###.#.#.######
...#.........#.#.#...#...#...#.
.#.###.#.###.#.###.#.##########
...........#...#.....#.......#.
.#.#...#.#.#.#.###.#.#.#.###.#.
.#.........#.#.#.............#.
##.#.###.#.###.#.#.#.###.#.#.#.
.#.......#.#.#.#.#.##....#.....
##.#.#...#.#.....#.#.#.#.###.#.
...........#...#.#....##.......
.#.#.#.#.#B#.#.#####.#.#.#.####
...#.#...#...........#.#.#.#...
.#.###.#.#.#######.###.#.#.####
...............#.......##..#.#.
.#.#.#.#.#.#.###.#.#.#.#.###.#.
.#.......#...........#.#.#.....
.###.#.#.#.#.###.#.#####.#.#.##
3 28
13 22
13 29
15 6
5 31
17 22
2 1
11 13
2 9
11 9
23 18
15 17
7 30
15 3
5 20
15 23
21 11
11 23
12 15
24 29
15 25
20 3
14 21
21 17
9 3
1 7
6 22
23 16
15 11
14 9
7 31
5 14
2 11
9 20
23 25
10 1
19 1
11 21
3 17
3 10
15 13
6 9
1 23
15 15
16 19
1 26
24 5
19 3
22 23
1 21
7 17
11 10
9 15
2 19
7 27
12 6
4 17
2 7
15 28
5 17
21 20
21 22
24 13
8 7
22 3
16 17
14 17
23 6
21 2
14 25
17 27
7 28
5 11
19 13
11 26
5 18
17 1
3 25
14 15
5 15
19 20
23 20
24 11
13 5
7 24
16 9
20 9
23 27
19 27
11 8
17 13
15 4
2 29
2 21
23 14
14 27
5 29
2 5
20 23
4 19
