100 95
962579834 955089789 955089789 955089789 955089789 955089789 953898755 953898755 950905065 974794510 997702108 989506949 907002099 907002099 907002099 935843143 935843143 935843143 935843143 977145545 977145545 939129292 939129292 939129292 949876937 914679500 968893623 969204651 942796440 942796440 942796440 942796440 942796440 953577791 953577791 953577791 953577791 953577791 953577791 943820388 943820388 943820388 943820388 923961058 923961058 923961058 923961058 949195967 976571566 948583536 948583536 948583536 917965316 986823229 958912616 969975773 914667467 914667467 904641612 987392073 987392073 989438718 989438718 975511659 975511659 935403625 935403625 935403625 935403625 935403625 909474343 909474343 930417604 989187172 973859125 991448823 967242456 936505397 936505397 901011328 901011328 913579907 913579907 913579907 913579907 993231034 993231034 993231034 973261218 933688562 983074101 983074101 983074101 996263841 996263841 996263841 960830874 912807757 912807757 912807757
Q 56 59 19
Q 20 42 512
R 59 67 910128336
Q 14 80 0
R 96 100 998122966
Q 7 60 91
R 23 95 976096503
R 9 45 978041960
Q 19 79 196
R 9 32 940718277
R 65 87 958612663
Q 43 85 395
R 46 70 919350485
Q 4 42 0
Q 99 99 451
R 20 74 922841084
Q 5 72 509
R 66 98 965663508
R 11 80 967968975
Q 91 96 0
R 33 54 971548239
Q 42 80 214
R 27 46 944365579
Q 6 93 214
R 29 74 969403498
R 47 72 910277853
R 23 90 908482775
Q 73 96 0
Q 9 32 264
Q 4 5 699
Q 69 81 424
Q 78 79 438
Q 52 74 0
Q 19 66 0
R 61 95 974088542
Q 80 90 685
R 95 96 990285936
R 2 6 904574701
Q 96 98 0
Q 27 85 918
R 28 89 906168123
R 46 49 996316900
Q 1 78 0
Q 75 90 231
Q 25 71 287
Q 32 86 590
Q 29 93 497
Q 86 94 389
Q 30 52 471
R 70 94 930902680
R 60 71 975774108
Q 70 78 0
R 72 81 911542877
Q 14 27 207
R 32 61 963455935
R 1 77 996674389
Q 25 85 0
Q 39 74 0
Q 94 94 638
R 84 99 936532801
R 38 78 946339966
Q 96 99 0
Q 29 72 0
R 49 87 999255016
Q 12 20 0
Q 23 42 772
R 58 92 942161538
R 31 36 995778468
R 61 71 955796997
R 61 68 996333842
R 55 58 958147083
Q 19 73 0
Q 24 34 899
Q 48 61 355
Q 4 22 0
Q 24 26 245
R 32 87 969770164
R 32 78 918531611
Q 25 70 727
Q 89 99 282
R 23 99 918364082
R 74 74 919948779
Q 52 52 0
R 70 100 902676772
Q 39 67 446
R 60 73 959130069
Q 44 69 482
Q 36 66 0
Q 91 93 589
Q 7 31 854
Q 14 46 643
Q 1 3 0
R 19 98 920165033
Q 60 99 675
R 43 57 930529490
