89 85
963605439 963605439 907498736 907498736 901548420 901548420 910131538 952878895 952878895 926598828 926598828 902077724 902077724 931457169 931457169 931457169 927206657 927206657 963964275 963964275 963964275 989959440 989959440 916549282 926811812 913346594 913346594 913346594 906826244 906826244 906826244 956335652 912452071 912452071 902975287 902975287 902975287 999459539 999459539 999459539 999459539 930822562 930822562 930822562 930822562 930822562 930822562 930822562 989227665 958808322 962963564 962963564 959411004 982474132 995263044 988111183 988111183 988111183 988111183 940141571 973222055 942841322 942841322 942841322 964665601 964665601 909878534 919454966 906431367 995260998 983173394 983173394 983173394 998057139 929250129 929250129 929250129 928822745 928822745 948933296 948933296 948933296 970514652 970514652 937577410 921368830 921368830 921368830 921368830
Q 67 69 528
R 22 54 933547150
R 86 87 923960223
R 42 61 912281050
Q 2 89 949
Q 89 89 514
Q 43 84 924
Q 7 46 17
Q 65 86 655
R 31 65 983092607
Q 18 25 0
R 77 78 985950361
R 18 38 966674846
Q 18 89 116
R 3 18 923578629
R 61 89 900485764
Q 33 38 0
Q 14 43 0
Q 5 42 841
R 75 84 909980016
R 22 88 954104566
Q 57 79 197
R 15 32 955197069
R 10 22 982165008
R 88 88 991962349
Q 13 57 68
Q 39 39 551
R 67 76 990363856
R 4 41 993978263
R 57 83 983818123
Q 36 36 812
Q 48 83 167
R 23 42 958060797
R 48 56 958490898
R 44 51 910586517
R 69 76 982339811
R 40 67 921839442
Q 11 44 0
Q 20 84 0
R 29 89 924676124
Q 48 89 765
R 59 73 939365269
R 38 51 935700855
R 1 76 923060552
R 86 89 945692882
Q 32 79 0
R 8 79 936517281
R 19 56 909737020
R 40 41 916247929
R 70 89 968207335
R 49 62 953282106
R 25 51 987390299
R 28 55 963526475
Q 64 66 793
R 48 82 946928583
R 62 84 913671104
Q 60 80 0
R 25 66 968062867
Q 7 25 298
R 35 73 966005637
Q 27 57 0
Q 81 86 0
R 36 81 924423850
Q 88 89 276
R 28 55 905278207
Q 75 82 0
R 78 81 987875667
R 17 62 964952426
R 43 47 911424611
R 20 62 928895889
R 11 67 954402653
R 22 23 938753975
Q 27 62 679
R 53 56 993202165
R 81 88 941027230
R 45 86 921513158
R 76 89 936554206
R 89 89 972708897
Q 40 87 564
Q 81 88 271
Q 9 45 810
Q 29 69 0
Q 87 89 0
R 21 45 988281835
Q 69 74 0
