94 99
114514 962885687 939118251 939118251 939118251 939118251 939118251 939118251 908235096 908235096 908235096 939741432 912104534 933241997 989690847 989690847 914337569 914337569 914337569 982228709 938288511 908182354 908182354 908182354 908182354 996505158 992755530 992755530 940044683 967901455 962444502 962671334 962671334 962671334 990439230 990439230 967774505 909608276 962113216 948038089 948038089 948038089 957188174 957188174 930182356 946464819 919352599 951466045 927154877 958712440 958712440 958712440 958712440 958712440 908238692 908238692 908238692 908238692 964108875 964108875 988748679 973831575 973831575 960494038 915462846 912981415 922924951 923906289 923906289 932049139 932049139 931566245 931566245 937027946 942104748 908288171 990148357 990148357 990148357 990148357 942876474 942876474 942876474 990735729 990735729 990735729 968216598 968216598 968216598 953711779 983147854 983147854 998286036 964006730
Q 94 94 0
R 82 83 901206068
R 39 68 991914835
R 6 26 917690103
Q 3 20 0
R 74 85 977086490
R 14 15 931768777
Q 66 76 61
R 64 86 931001501
R 19 29 972111883
Q 27 38 361
R 9 12 923692869
Q 50 88 179
Q 34 89 403
R 34 56 910415504
R 18 22 968318852
R 94 94 920426085
R 42 73 991966165
R 47 90 919753794
Q 83 93 0
Q 58 89 650
Q 71 76 773
Q 49 78 754
Q 92 93 164
Q 13 94 0
R 81 81 927428354
Q 6 41 0
R 52 63 930850264
R 54 60 995107318
Q 75 90 0
R 71 71 968833016
Q 27 40 314
R 91 93 910834698
R 72 74 932510010
R 75 76 913435474
R 15 37 917885294
R 76 91 938592209
R 35 83 902180489
R 62 92 915384873
R 11 55 971995189
R 92 93 991484539
R 43 44 979769251
Q 16 87 831
R 75 83 920546374
Q 89 90 0
R 87 93 941140534
R 92 93 919713663
R 27 64 991251894
R 23 45 997967336
R 25 94 921867672
Q 80 93 701
Q 42 77 0
R 87 92 931542657
R 35 64 982740353
Q 48 49 0
R 39 81 975522879
Q 15 36 0
Q 44 49 0
R 13 13 960417854
R 75 88 941676749
Q 30 41 0
R 72 83 974906616
R 88 92 976242637
R 16 17 998261054
R 8 66 934208990
Q 80 87 284
R 85 91 991350933
R 71 85 917750459
Q 88 90 332
R 30 31 947742361
Q 63 66 85
R 76 93 937139094
Q 60 86 877
R 58 94 973927626
R 10 82 972097416
Q 62 70 0
R 89 94 901270659
Q 53 89 748
R 18 41 955106470
R 67 71 959890616
Q 31 31 828
R 80 86 962223105
R 51 73 920007286
Q 70 74 0
R 65 86 934611531
Q 30 31 877
R 49 58 913437139
R 36 77 944344420
Q 70 83 850
Q 59 92 0
R 88 91 981635407
Q 36 46 706
R 62 85 992052984
R 51 81 920564338
Q 68 88 502
R 32 83 990390894
Q 63 82 629
R 54 93 955314987
Q 84 94 783
