98 86
114514 941568161 902932436 902932436 902932436 942458301 942458301 988502468 982183444 979492151 979492151 987180100 962407658 962407658 992414735 992414735 963403362 985201171 985201171 977770414 996282135 966659259 940927591 987614033 987614033 962208337 917164662 973958110 971068403 971068403 971068403 971068403 945068862 935980656 920359000 958180816 960972072 995190564 995190564 995190564 994039004 994039004 963927195 963927195 919764303 919764303 919764303 919764303 919764303 922638020 922638020 996682106 996682106 973909368 973909368 974827717 953457948 953457948 953457948 953457948 953457948 991438574 991438574 991438574 956049036 934397506 958202922 966219989 966219989 966219989 966219989 966219989 966219989 966219989 966219989 966219989 966219989 936506869 936506869 936506869 997276219 997276219 997276219 979489500 957908766 957908766 957908766 963040518 963040518 963040518 963040518 920007892 920007892 920007892 996266511 996266511 988257083 988257083
R 70 82 930081463
R 67 77 969357340
Q 87 90 792
Q 30 60 278
Q 84 98 375
Q 77 95 0
R 70 89 992108821
R 32 50 919231818
R 78 98 950749026
R 96 97 929785870
R 76 92 901845412
Q 43 85 272
Q 52 82 0
R 16 25 908842325
R 69 86 991619361
R 10 42 966765373
R 76 80 929270487
R 41 56 907090701
Q 97 98 381
R 30 70 947527798
Q 66 71 0
Q 78 88 488
Q 31 98 0
Q 77 96 508
Q 19 29 205
Q 6 13 7
Q 60 96 909
Q 12 60 0
R 67 87 954567400
Q 37 37 852
R 24 35 926805455
Q 23 72 95
R 18 42 928286911
Q 94 94 0
Q 44 82 439
R 48 61 918516369
R 72 95 996609242
R 94 94 922095178
Q 3 37 0
R 90 90 978515959
Q 91 98 957
Q 14 38 0
Q 31 71 262
Q 92 94 0
R 84 91 900462312
R 21 38 998800386
Q 33 84 328
R 28 98 910744722
Q 60 92 559
Q 23 94 463
Q 2 88 420
R 3 4 920207692
R 7 12 974488104
R 30 63 994491580
Q 34 41 679
R 65 90 926694825
Q 6 43 981
R 40 58 927395056
R 24 76 904709040
Q 1 94 128
Q 24 63 500
Q 36 38 495
R 54 68 931226543
R 60 79 907812815
R 56 98 951809007
Q 39 96 279
R 87 91 999889005
Q 45 48 75
R 2 43 988747069
Q 58 83 12
R 38 86 944970875
R 81 98 922653219
R 17 32 916636015
Q 57 70 302
R 54 85 918487025
R 76 88 947721952
Q 71 77 718
R 95 98 993253594
Q 50 63 176
Q 4 87 228
Q 84 85 0
R 95 95 965573475
R 73 82 947130163
Q 89 93 0
R 64 89 916869982
R 52 92 966930620
