8
16 199799
1591914 1856608
2760124 2835434
910120 2822806
2915433 2953614
302660 2821836
1926161 2621703
1756114 2334956
2046215 2124992
259821 1802433
2863404 2904625
18 199598
163316 1640847
2379059 2614057
2321907 3359538
0 3386276
2984160 3145166
0 613555
331702 2710476
2002461 3366145
1360618 2753350
1782632 1782632
17 199292
970981 3032035
2253784 3011809
2264410 3046628
2068224 2293348
1865087 2678779
402444 1742520
2924827 2984597
2741549 3170315
2385060 2588386
1037587 2342470
16 199916
2617377 2975141
2572138 2848749
0 1210470
737051 2312617
669767 794015
1397623 2981679
15597 588939
0 1296122
1419948 1563202
601144 1206875
19 199876
1455206 1862150
2964436 3497354
1945128 3488234
3293977 3504807
3509399 3553284
286433 2539667
3448117 3455294
2534134 2670222
578636 2694870
3447924 3518903
17 199718
603316 2712318
1917652 2496021
489440 727647
2316240 2939751
2925498 2996163
2031345 2389197
0 662790
1689275 2966284
1969006 2177882
2323729 2505421
17 199242
1693297 2496990
348570 1028197
1406144 3174736
1365497 2178569
601311 2870067
2621575 2880704
441590 1966455
1208902 2053119
2857963 2881636
1800169 2685102
16 199711
2888997 2916805
2169591 2668067
12472 1183976
1983853 1983853
1530809 2773216
1247689 2773382
2310399 2382389
210046 1886666
1780983 1780983
1272023 2321528
