7
19 199515
0 3238106
2635033 3469474
2461063 3016804
1247473 2957419
2144334 3206574
2410947 3398797
1436862 2618855
885074 2168360
1545506 1545506
994488 1992400
17 199634
1772289 2885001
1346481 1843971
1704250 2511608
1673845 2037495
1028483 1837805
1773838 2854132
1436049 2242466
1116457 2688711
1447213 2697043
2437356 3050631
19 199060
305315 3316190
465773 465773
1250787 1627994
1586446 2107390
3148597 3422147
1644866 2846843
1308872 2820815
2610347 3381869
1393023 1756636
2628589 3031796
20 199243
1633199 3193408
778873 1322795
1674527 3515909
0 3296693
2417325 3409212
3053062 3369292
1885599 2390785
3263163 3394775
3549779 3582584
2930519 3607042
17 199821
1063356 2853725
1756178 2305777
2222442 3045810
1604371 2994473
2010346 2648590
0 2072617
0 3196589
690955 1733577
634364 1514283
3012139 3080663
20 199843
2164183 2755402
615000 1220500
3233733 3544698
1778408 3740930
3030615 3527349
3479311 3721398
2634839 3288582
1280198 2220866
2628523 2753975
3535885 3582913
16 199927
2992646 2995061
1090234 1696909
2274762 2668503
494946 1854094
1518721 1710542
1739039 1910730
2556036 2642252
1549147 1803211
559527 1719585
1590333 2109417
