8
18 7994
129064 130615
97078 130200
68849 75843
0 51896
82311 128822
106788 110745
83548 131421
135464 135757
122150 129603
106420 106420
17 7914
119637 120679
118858 120074
113027 119540
100053 118678
90283 92679
72539 99222
0 65113
0 124815
0 0
107973 124717
17 7940
22759 48865
121359 122138
73592 90311
43241 82181
117147 120269
3756 33980
65724 120678
88421 103938
74829 113886
77503 78524
15 7919
38216 75320
96045 110261
52620 56416
60523 96712
94398 96683
51598 65598
105371 105979
34730 66426
28753 69276
45032 78949
18 7999
112281 112281
68359 118035
68115 108374
33946 74688
0 124294
118267 133368
66768 98066
87409 107115
83803 112771
110121 128764
19 7911
139095 141019
94206 116827
106975 109264
48290 99190
114029 141360
31048 37884
118341 139745
72086 133690
46585 109515
141451 142335
20 7944
43744 96684
142819 150158
120818 145243
84197 108758
0 118616
138033 146999
65299 80261
32334 107680
119142 134535
63506 137640
17 7943
72988 110935
25409 87458
0 21459
0 104301
9498 101025
92186 113025
93840 107911
72446 122901
93004 101654
0 79425
