8
20 199702
2233146 3098175
577520 598210
3150432 3172179
310409 2118067
3485954 3619904
1543620 3302533
2867396 2919159
3472304 3742204
3058008 3569810
905115 3492788
20 199312
430560 2138491
53645 3652724
3444854 3457504
836242 1245511
1840256 2068359
2101018 3300224
1705391 3720755
2276523 2972262
1434916 1499017
3228062 3534561
19 199948
2148110 2269557
1578812 2773126
1208844 2257821
3099678 3127681
287289 501323
0 2282343
1529589 3337867
3355633 3591788
638053 2226161
827932 2751946
20 199285
410359 1511386
2223198 3378207
2868732 3571064
3722565 3785817
2863721 3531514
2221582 2693527
2762133 3008554
566248 3672494
410039 966410
735170 1229726
19 199237
3576032 3583018
2311554 2326232
358681 3331409
311370 3270266
2080782 3552385
3466175 3475118
334766 2234066
626730 2447111
2242681 2242681
2850357 3127871
18 199779
200003 2272050
51375 432182
1487608 3007803
2596226 3157825
959219 959219
0 3383212
186048 960230
741028 741028
1392746 1894201
3385126 3386521
18 199121
2062532 3158531
1558800 2495785
2930786 3008281
1576987 3172879
2569134 2997529
1524555 1838880
868566 1190841
0 3353632
2091361 2950795
0 691445
16 199266
1260893 2448517
710577 1167407
1326494 2727449
1382771 2923899
627856 872426
2655804 2872710
591311 632733
142106 2669471
1920030 2306914
886399 2873459
