8
18 199190
3129549 3155555
3054114 3230019
806822 3006551
1821253 2309455
562842 1655744
605874 2319413
1344704 1612056
2251076 2293821
1625069 2059918
3155044 3244138
20 199827
322962 491933
2700467 3633177
2603126 3084051
705912 2574575
1322811 3095089
158775 3556310
2548330 3776911
1284259 2108933
2489840 3474138
143876 1028700
16 199027
2045272 2124271
2166195 2951384
2586034 2665664
2768017 2936723
92795 2000783
8467 1181487
1902587 2033824
1151376 2556091
502973 669351
940544 2730398
17 199036
2571738 3063493
1263422 2738747
2065298 2175758
1887903 3042607
1946496 2043099
1740056 2578406
1930055 2211423
3044676 3157802
2816553 3091674
2868726 2955041
20 199909
1693664 3699972
682043 3005865
1632288 2844081
2641676 2662777
3604105 3726508
3375356 3686938
2852868 3577869
0 3130697
3019727 3030676
2222558 3121809
18 199936
593963 3033055
1912178 3210149
483589 1539572
1170508 2365298
1924545 2823401
1970147 2741283
1183820 2396746
2029830 2763667
229826 984908
1137466 2363024
20 199948
711203 1800067
0 3280577
2796484 3388040
3228216 3305845
2029472 2723137
1344746 1850195
1775628 3293944
1294121 2510143
46455 3346313
2924808 3508325
19 199329
2853558 3553663
1928603 3215913
3105909 3499270
1918849 2699498
0 2461682
2009776 3450934
452500 1492613
1407370 1937797
1564074 2912186
2006189 2800968
