7
18 1510
14105 22656
10014 12117
11961 16979
16684 16684
19984 24588
23023 24745
339 15674
0 19698
0 23645
20157 20478
20 1590
4761 29617
27556 29016
6170 9306
21982 25487
20159 25126
17107 23486
18044 26169
0 24701
29528 30176
4255 13153
15 1507
0 18274
12616 18794
0 9750
3369 6699
13403 18273
20259 20529
223 12082
11638 15548
4266 10780
15342 20147
16 1573
10956 12496
22188 22979
18525 18784
7497 18209
22687 22912
21589 22190
9654 21165
11517 23154
16655 17581
21935 23039
16 1567
21045 21786
2145 8476
14915 22634
10672 16750
20127 21464
5347 14716
21660 21862
17236 22373
11023 16877
9392 16368
19 1504
11876 22250
12164 12164
8782 20252
15822 15822
22299 26496
515 515
18570 18910
2553 10917
16662 18548
10187 22027
18 1558
20812 26227
4363 9074
18966 24308
25448 26485
6436 23152
19874 26160
6519 24942
2186 13983
4605 12932
11643 21424
