8
16 199361
1356644 2842898
0 2618747
2260559 2562010
160528 1219494
2494184 2661679
74373 1572786
1337133 1453168
931700 2190097
1948849 2241059
1424743 2897209
18 199212
181654 2334537
2382558 2973976
3114123 3194995
1514502 1992457
147654 2453090
454948 1138355
1585167 2720515
0 2162519
0 2363324
138075 3381213
18 199099
1704316 2572748
2108046 2908310
819334 3328965
432230 1972215
2779616 2814026
1904972 2001464
350523 3061821
722212 1002536
1790482 2819074
0 2531543
20 199924
10179 1364211
3195059 3391543
1103589 2621122
1594559 2773764
958714 1298259
169207 2839172
3664349 3754324
2664874 3554213
3033176 3683527
2477400 3050947
17 199468
621498 1300162
1361153 3155537
2270462 2428006
2397304 3061462
728670 3182360
965601 1541709
2778035 2927026
2114065 2689210
1343094 1800823
3165415 3191184
17 199116
2048536 2438705
3035232 3043637
1562077 2524755
734926 2598593
3140826 3158357
1785756 1785756
2039867 2605966
1784534 1788941
393262 2063344
2833187 2908671
15 199075
135448 1264638
380086 1210168
1750888 2044559
2477053 2622480
2729844 2729844
231304 1141321
139474 908413
2426376 2749551
2718064 2785589
139743 1285927
16 199187
1381992 2473916
1432368 1452796
0 2818920
1558866 1667212
2897361 2957037
236647 1175487
801539 2539722
316589 1436858
2972480 2978862
508755 2772497
