8
20 1585
29222 29610
29771 30058
20540 22458
19327 23768
6087 18137
13936 28320
18539 20183
25157 27387
19357 26721
20756 24303
18 1515
8527 14617
23805 25131
1073 7745
4638 13452
24977 25277
25063 25717
3852 7596
10471 13810
10262 17161
2257 4032
16 1556
6007 12652
18722 20968
10963 16366
13115 17299
17686 20595
16270 21297
13460 13460
7390 16254
8654 11601
10310 21636
20 1520
3609 25311
311 27501
19098 21054
0 8907
20184 23202
17302 25642
10357 26741
26213 28382
17078 18549
7786 15218
17 1592
6325 13865
22677 24438
2140 12146
5523 13398
16481 24499
0 9858
4121 5188
4028 4985
8648 10679
13252 22942
19 1565
0 0
12999 17182
16378 21044
22541 24078
3721 7286
6049 13736
0 27335
0 17675
11154 25775
8204 13827
15 1518
0 13928
4514 19951
5603 14660
15814 19109
12471 15196
10242 17373
12363 12363
12151 13159
3408 12715
6590 10109
15 1547
9083 11414
3741 19619
18838 19037
20011 20395
17620 17620
7192 10192
0 20238
11466 15372
14551 19385
7308 20646
