8
2 199669
70339 109498
152277 173292
117010 131456
58996 186761
39734 100155
179655 199609
38573 89369
185897 190129
83262 180855
101164 143445
2 199585
0 83743
67111 136787
150949 185500
134338 167177
197208 197875
85912 134364
126473 163927
87702 177818
0 12419
189326 198064
2 199762
112078 151673
9206 195731
15720 103367
100228 165113
197109 199347
963 963
136045 196738
54285 184676
199741 199762
137182 189299
2 199542
0 116484
173228 177669
97943 154026
112236 135827
20774 157282
98961 115113
39619 120102
69639 74493
171406 180105
31725 173133
2 199848
113731 145052
109986 110200
93021 188859
102695 155415
0 185584
53333 53333
42906 51356
81064 98527
99479 133539
10899 78564
2 199602
106214 165566
114566 167012
148191 197905
161786 172777
47691 51975
99420 157254
30933 150936
104065 148220
147371 179472
100794 116759
2 199488
107034 144634
178711 192813
0 39563
177737 199097
69775 134513
3662 98570
20752 24214
180099 186742
24741 49799
174087 181377
2 199623
198757 199452
86877 104612
136489 161101
0 190381
169909 179448
177013 185329
45744 117551
114725 143936
111251 111251
18343 24830
