10
17 1529
9277 17187
11337 12960
7539 10568
8085 13054
0 22653
9188 11591
8857 13611
21413 21906
572 6447
666 7212
19 1555
3697 7229
17695 19621
13239 27360
11578 15976
10240 25539
22062 25868
6273 15546
2324 3891
16200 21115
1348 14794
19 1550
12595 12595
25966 27887
18282 19272
16454 23540
9638 10683
13053 22478
2655 13392
14037 24065
17009 26527
6964 26293
15 1556
18259 20758
16264 18688
1602 2865
13481 14876
10918 11733
3087 10924
221 9253
8789 18754
21191 21191
8319 17735
19 1589
2018 3263
22795 24968
10053 15117
0 28333
21611 25234
8411 18725
12437 23233
8447 28157
8658 15598
18740 20559
18 1571
14336 22883
13162 20393
8471 23959
10591 24583
16079 16079
0 16228
23219 24177
3237 25704
15695 22924
20324 22160
16 1568
17296 17399
14879 15440
22293 22930
0 13253
20245 23033
1279 5620
9597 18327
20930 22599
0 7854
17179 22473
15 1548
10764 19989
12216 19223
20160 20620
19926 21422
21079 21311
10232 12928
412 15491
8365 18870
3709 5062
6281 6281
17 1515
19407 23473
23664 24198
0 12928
7474 16759
5894 15888
7925 12929
0 17598
23611 23729
0 17109
6207 14862
15 1543
15126 17129
17307 19437
18713 20152
16452 19205
5784 9846
7704 16447
11327 18808
17430 17920
4401 11689
1581 4169
