8
20 7961
121739 151227
42832 121335
143333 150683
37418 109547
96947 96947
56294 56569
71189 105634
16530 87610
21397 133589
108189 109724
17 7945
26443 76052
6431 120477
5640 105127
62816 72491
19923 84131
32704 124437
118535 121145
77013 100191
96775 125578
67150 88812
17 7972
80741 115802
26910 26910
59090 89287
39790 118101
96515 103627
20449 72771
34439 109784
0 69929
59187 59187
94102 102838
16 7937
79851 103519
18107 61828
5089 51526
99581 100096
35616 78974
0 35723
115224 118487
22790 99755
35289 114556
110920 111948
16 7996
83748 107193
42318 66638
38772 68797
0 97769
38455 112890
43666 93442
13982 89629
118263 119794
117812 118612
15158 53904
20 7955
121984 127815
28959 101604
125111 134850
50516 90744
68826 112022
1816 132275
149543 149991
133284 135471
147002 148452
30329 58982
19 7931
100865 108002
57270 105615
63598 69469
117069 135641
84146 102233
39508 115759
101834 112849
89214 134537
0 67312
12149 42465
16 8000
8299 14638
91928 99361
67041 78359
15655 45880
93523 94488
10499 57517
117395 118721
50827 95226
94538 99333
65737 118783
