10
18 7923
103734 131437
108407 115098
127384 133973
36109 83150
35089 52787
25600 34893
121655 131449
68635 83120
32971 61369
64419 97702
18 7945
85548 92727
134848 135016
38725 98771
134313 134720
126673 131449
51921 128731
42724 68478
8093 119132
74996 118387
0 52861
20 7973
65000 80021
8144 64449
35981 65542
132253 143965
48826 141292
81599 124545
126851 146823
3971 66756
108855 113713
130815 131306
20 7992
19408 116159
87840 151460
1519 11153
147496 148783
134244 149148
133472 148866
99112 119285
109160 117823
69397 148589
64180 64180
17 7995
58970 91593
359 1302
97657 97657
33980 101037
66317 73630
53570 118018
58832 120352
117173 125472
27713 123270
20315 46022
17 7911
54326 109229
81877 111721
71738 110181
97915 116875
54334 70946
75411 81523
50317 98945
38848 45351
99584 110513
24605 24605
19 7967
52072 86131
0 137144
67923 132856
121685 143251
61906 61906
30384 123835
100498 133913
24864 120060
87557 119918
142473 143027
16 7955
115059 116878
3776 3921
61918 73602
23174 108755
44945 51453
75022 118148
86644 116859
71240 94566
104207 112279
32917 57410
17 7973
12771 125774
71639 111746
62387 114501
87792 95291
77543 97602
32580 123758
120357 123367
18019 80239
12271 122222
8856 51041
15 7953
23528 46468
105868 107432
14626 100650
77491 105822
69072 102125
46753 54578
53086 83647
83696 88607
45112 73068
52806 72372
