9
15 7988
51848 109051
27669 88628
4777 39753
36522 49978
98930 104404
77014 86877
26001 84598
71616 100265
85273 109511
34271 49667
18 7986
0 45186
94711 113686
36663 47468
127028 133572
58924 89848
74353 113364
134600 134600
76029 97081
11925 37761
57924 105004
17 7902
56683 98775
118161 124355
0 0
0 124650
78469 100000
22038 24334
22500 116344
80580 94600
83538 103659
84371 98371
20 7931
99598 143825
31566 48179
7545 7967
55756 147481
27446 49827
24482 149302
0 68305
53175 120241
103869 144708
71572 125064
19 7900
31866 34033
78062 134502
131409 136430
21232 106568
76219 123412
22534 22534
727 127684
29633 73566
108195 131798
21447 61516
17 7993
111804 123618
1225 31097
33101 114355
24581 83614
68226 91672
73706 106254
11158 97766
64008 114889
76707 104255
113453 114959
16 7933
0 98417
12724 96124
88360 111835
101683 102220
83462 92334
15791 53116
39667 81319
0 75566
118102 118730
42284 69793
20 7943
26771 27184
50143 93451
96678 132640
123571 128365
75916 128015
7830 46272
37714 94177
124544 138311
111322 127888
108686 122267
17 7922
94898 120246
53479 53479
101116 115196
122584 124027
78989 106509
30354 82018
24962 47203
8581 75357
113516 121600
45398 125444
