8
18 7979
80992 120620
75680 75680
17642 70810
134474 134905
52870 73725
106022 125530
126057 132720
41199 49904
33364 116740
125498 128969
18 7929
19329 47671
2214 42721
123772 133410
60982 97347
26021 131879
39510 72738
46551 72478
37970 113515
30312 30312
1674 58060
18 7959
82555 121611
72943 124010
53413 67207
88071 101618
87660 126249
72875 92280
92454 107037
115240 133093
48269 75019
6191 23732
20 7968
78698 114108
114911 126546
50428 67638
118723 148367
116979 117956
76977 143570
0 86687
37438 111457
127084 131790
112637 126267
20 7920
149961 149961
17412 23385
74260 95668
13507 36105
30021 114135
98908 127816
128916 130958
72250 136046
26033 58182
137865 142872
18 7915
58961 61447
26731 50490
92884 109770
118410 134319
100467 113028
81281 108852
22410 65269
132583 134240
14382 78334
27921 89720
19 7969
11112 11112
85063 90932
141385 142992
97956 114385
67272 82274
121308 124063
89548 137999
33805 109498
124460 125977
2476 78005
15 7992
58609 100846
79370 97912
7392 39340
89062 89843
57082 85318
92697 103352
35787 39658
27308 74548
48781 66172
9594 43821
