10
19 199002
2812387 2817582
1542272 3517285
1479439 3554816
1026816 2258457
199970 1703874
351928 2431482
2599207 2887150
2427495 2427495
1343065 3228992
424426 1736679
16 199474
1831122 2991652
146325 2855848
2664704 2719858
476732 592724
2237393 2803828
2892063 2902868
2219046 2951783
2909660 2980085
2986347 2988244
2804408 2897131
17 199080
847080 2718140
2297761 2297761
3072304 3074614
1023241 1888772
1544290 2379369
192881 1073844
469062 830152
2458774 3143242
2729011 3070465
197925 2266220
17 199983
520648 660050
598644 1103751
2839835 2957914
2649369 2728644
2477468 2855482
270045 1667260
1766608 2828032
1046278 1220459
830947 3193486
2543137 2891761
16 199070
525135 2602246
2600004 2975395
1812377 1911748
438536 2499509
0 2329105
1448849 2514102
2977083 2978991
631662 2562457
2644839 2900365
2398005 2754225
17 199005
2778149 3085269
0 1937080
3033248 3033248
2318003 2676741
2629391 3029976
782060 1875030
4323 2774749
2871596 3048731
1527924 2175830
117897 618801
15 199301
869871 997142
1747487 2074671
803137 1623300
1243245 1470858
1897526 2620251
1564088 2012712
2499189 2778476
2034786 2440903
1682777 2602080
1905575 2540204
17 199504
699875 907374
0 1180450
3059224 3095420
287012 1024010
1359572 1371052
3041693 3135411
2526010 2819062
597522 2802806
2869979 2934103
1409491 2418888
15 199402
0 2616960
286402 1659148
540025 1891417
885380 2438626
978382 1362979
0 248983
2339885 2718287
1109597 1509161
2688027 2742396
1770397 2104067
20 199742
2346992 2794407
1484503 2479132
932285 3531270
2866367 3133151
2275972 2899860
2756344 3656808
2922038 3037767
1228863 3359238
843373 940600
2958430 3792697
