8
15 199138
958448 1691646
2419527 2681266
144106 2608020
880347 2040515
241401 1913555
1151728 2231222
377627 1216794
1237175 2181505
1975494 2569680
1535777 2194216
20 199755
1260595 1958130
1552470 3324782
5401 2347731
1173776 1528500
3466139 3679795
3378733 3477122
2585292 2956119
2790070 3627013
1387869 3789131
2809980 3542504
16 199983
84379 1057735
2382309 2528089
765272 2243215
0 2407456
2672915 2956719
0 2142628
1943962 2264641
1101248 2910657
1784619 2803596
2021819 2899488
18 199906
2970016 3111370
587476 2560047
30229 2702542
2613541 2919822
1791235 2205404
2882822 3393134
2421722 2728605
3243251 3277202
357382 3232330
2610412 2717481
16 199707
900379 900379
1170357 2759491
2194043 2405977
1590235 1948080
2232525 2795668
51508 1187841
2979593 2986605
724938 1294011
2075237 2156420
1691668 2358784
18 199558
2931831 3092633
1009982 1695404
2954790 3067473
2676638 3328655
492166 3314124
802830 802830
2769328 2770142
3017358 3220531
0 2189230
2386702 2432856
19 199332
2549606 2588707
661652 908857
986558 3153010
1994014 3366401
1298751 2376071
2677465 3450758
2986653 2986653
739338 2195708
3118210 3304543
718504 1345342
20 199333
978515 3126938
23470 986347
3161204 3295401
1733694 2280957
625259 1618522
115930 2406665
2628031 3137534
2777879 2960086
1644109 3502660
1145492 1986252
