8
17 7935
84777 85710
110350 115744
67292 79024
57906 58083
100302 120186
122418 123723
61387 99468
10728 119487
11911 89211
104925 115234
18 7998
51253 65913
38204 86974
113927 130665
15930 116456
122575 135832
5192 98037
58684 89579
130697 133870
34663 133484
127280 133548
20 7970
133460 138455
39472 44651
132532 149611
110425 145251
115277 138581
61470 142429
118696 148244
88838 135318
24960 70285
58090 133366
16 7926
117015 117548
96109 102158
11594 21375
73673 104244
114292 118588
11573 24784
60740 73322
99816 103660
58426 94919
94844 104798
16 7908
46997 76964
13464 14530
106543 117985
22762 39242
109210 115514
73965 105266
117827 118421
0 116575
88282 92846
9264 69796
19 7939
129901 133746
89752 90753
27929 27929
4938 71000
48095 51065
117159 119849
8287 129814
85602 94431
76981 79375
103326 109432
17 7961
56021 83663
112480 124982
99237 99237
61675 102075
68337 112171
0 122040
63000 97329
36348 64645
86429 86429
121776 124033
20 7972
44245 151072
94286 98515
12369 12575
100865 141459
87384 103633
139188 142102
54668 84204
8445 61026
112714 141746
30143 93948
