9
16 199748
2061546 2596756
2155483 2706950
911745 2473739
2489652 2496374
0 2272135
0 913497
1188734 1188734
2129558 2371311
1038441 1719829
2564350 2681668
19 199684
1829860 3226743
2169904 3435414
2862067 3262394
1345247 1937442
2238788 3419755
2160733 3331759
552030 1198365
2393133 3475200
445530 2359691
554447 2428395
17 199990
722329 2251863
2250049 2943666
1114008 2923446
3199099 3199497
227874 1810485
1681976 2439985
0 0
311425 2496413
2689458 2996798
2895257 2972615
15 199715
383186 2256487
2293305 2777027
1357781 2264383
0 1931500
1663454 2083825
192532 2568603
2343510 2750365
1428231 1784391
126543 1725918
2577850 2708591
15 199607
1403897 2705838
0 1979151
2251233 2792574
2418213 2474691
1001372 2319526
438057 1768848
571426 1683871
475363 2767075
1677623 1727400
1448154 2360812
15 199489
2604372 2614572
2265806 2403584
2765654 2781511
1927142 1956559
2574742 2749727
252422 1753589
2333202 2437820
2633723 2792571
719420 1663214
0 2373918
18 199790
560328 1073340
537138 2585663
3362800 3393579
973661 2282104
327816 602007
2630159 3218333
3204894 3349708
3215929 3297097
1850989 3198642
3334208 3376613
20 199882
0 3161532
1487647 3170885
2319787 2385787
3450865 3462062
1490670 3494950
1231783 2196244
1678143 2925719
1559546 2341375
81749 1685945
0 3796060
15 199998
381130 1236126
2648543 2704466
1131141 1766052
2313426 2497295
2197493 2607285
510712 873481
2331257 2765147
2272240 2547423
1238520 1332223
1613240 2346963
