7
20 199131
3645887 3738456
609376 2260613
2100250 3524408
1483526 3047206
2634364 2634364
3263620 3776855
121069 2626933
1975823 3119773
2686570 3149861
2019474 3591460
19 199770
646211 1492711
2878891 3219714
936157 936157
2316878 2929887
68676 300230
177927 3100706
1793439 3237552
1085833 2180365
1424924 2997083
2743113 3447556
15 199623
870309 2268335
2598021 2736892
507960 598899
1623893 2565054
579588 1921017
917868 2511290
2067101 2157398
746506 2414300
1776371 2538887
0 2793027
18 199462
2099018 2696381
1334560 2545451
76413 2740694
2136892 3159934
2776343 3281507
3200517 3225178
1887144 2024190
1024869 3052247
2006488 3279607
3164040 3264195
16 199125
1417610 2962522
2390358 2541083
135274 342537
76895 236568
1394236 1394236
496562 2905558
518955 1448456
807549 1240076
1513926 2024217
0 1505660
15 199560
2027508 2583345
2729852 2732693
2006168 2323679
1074408 1583156
2722193 2765533
404480 2468964
1400972 2636177
2301111 2789826
0 1027408
485640 2411852
18 199579
874451 1031883
2118969 3082666
479787 517896
0 1644158
1679079 2549276
445612 733394
1800035 1924847
0 2926300
687603 1264736
2293173 2505095
