9
2 199315
0 12723
28855 149029
5228 10806
26072 132375
144720 189247
112491 169306
36591 105800
168953 172101
136713 197441
19552 91768
2 199521
130774 160333
112953 127650
111162 177705
167378 187880
141813 147262
39067 178353
118488 170618
30573 188030
8298 10141
68034 187536
2 199033
0 191915
140452 191880
106734 179180
0 198178
160082 194873
53809 77249
134853 145725
153788 182371
62920 136563
126919 152835
2 199970
0 189907
106895 142030
5765 49696
66227 81287
825 91119
142073 177014
21062 145318
147673 148253
115370 164190
156344 183316
2 199338
30524 85737
119275 154284
168439 176026
8862 35789
99373 185847
168876 171989
42106 159686
155567 157430
98957 145260
63014 95671
2 199049
108944 123395
3729 81330
167327 187296
14683 190690
66506 105091
123466 123659
10566 196093
1149 51206
34861 153668
53671 151622
2 199539
37191 159096
47100 94211
82054 152125
166202 194175
161429 161836
168576 170867
137446 190822
198349 199343
139384 161270
38107 96772
2 199429
0 199324
143677 189777
150401 194855
193100 195750
128586 130179
3490 179802
171780 175020
29414 52884
166063 183406
4949 169129
2 199919
173588 197864
153162 159795
0 188790
140426 179073
129487 199852
98359 155094
32052 95411
83052 107019
139944 139944
37481 132813
