937 895
-11451239
-11450983
-11450423
-11449711
-11448986
-11448503
-11447658
-11446656
-11446187
-11445886
-11445625
-11445025
-11444133
-11443648
-11443332
-11442256
-11442163
-11441697
-11441237
-11440314
-11439570
-11439399
-11438701
-11438060
-11437512
-11436385
-11435701
-11434717
-11434085
-11433074
-11432481
-11431925
-11430814
-11430130
-11429866
-11428842
-11428222
-11427839
-11426911
-11426152
-11426042
-11426004
-11425012
-11424778
-11423835
-11423422
-11422907
-11422622
-11422358
-11422238
-11421998
-11421664
-11420546
-11419440
-11418693
-11418131
-11417680
-11417457
-11417075
-11416737
-11416390
-11415593
-11415103
-11414991
-11414332
-11413469
-11413289
-11412706
-11412418
-11412398
-11412245
-11411915
-11411583
-11411112
-11410250
-11410057
-11409434
-11409231
-11408429
-11408137
-11407781
-11407485
-11406746
-11406285
-11406002
-11405301
-11404755
-11403628
-11402978
-11402517
-11402194
-11401409
-11400964
-11400230
-11399363
-11399177
-11399028
-11398415
-11398071
-11397601
-11397074
-11396369
-11395557
-11395169
-11394229
-11393159
-11392362
-11392103
-11391242
-11391036
-11390666
-11389975
-11389358
-11389323
-11388282
-11388107
-11387325
-11386272
-11385688
-11385442
-11385314
-11384201
-11383919
-11383666
-11382694
-11382075
-11381811
-11381702
-11381119
-11380705
-11380672
-11380240
-11379449
-11378306
-11377711
-11377366
-11376570
-11375828
-11375652
-11375006
-11374136
-11373027
-11372704
-11372018
-11371050
-11370570
-11370469
-11370312
-11369269
-11368370
-11368165
-11367220
-11366567
-11365586
-11364592
-11364201
-11363185
-11362465
-11361745
-11361023
-11360586
-11360549
-11359788
-11359473
-11359175
-11359091
-11358551
-11357648
-11356756
-11356576
-11355762
-11355597
-11355484
-11354663
-11353990
-11353619
-11353208
-11352160
-11351508
-11351315
-11350833
-11349865
-11349753
-11348794
-11348126
-11347163
-11346828
-11345892
-11345387
-11344706
-11344249
-11343962
-11343445
-11342704
-11342222
-11341490
-11340689
-11340592
-11340282
-11339394
-11338509
-11338421
-11337464
-11337336
-11336351
-11335831
-11335084
-11334818
-11333802
-11333283
-11332770
-11332201
-11331292
-11330172
-11329601
-11328477
-11327985
-11327285
-11326834
-11326314
-11325553
-11325309
-11324856
-11323792
-11323014
-11322931
-11322426
-11322299
-11321788
-11321594
-11321427
-11321310
-11320591
-11319954
-11319553
-11318980
-11318728
-11318421
-11318278
-11317273
-11316864
-11316645
-11315613
-11314624
-11313513
-11313476
-11312460
-11312027
-11311532
-11310847
-11310360
-11310058
-11310000
-11308971
-11308256
-11308198
-11307853
-11307627
-11307124
-11306615
-11305811
-11304879
-11303941
-11303290
-11302629
-11302191
-11301214
-11301110
-11300574
-11299574
-11298630
-11298326
-11297596
-11296759
-11296066
-11295978
-11295596
-11295399
-11295153
-11294545
-11294348
-11293742
-11293171
-11292053
-11291672
-11291146
-11290135
-11289775
-11289484
-11289258
-11288887
-11288121
-11287011
-11286551
-11286154
-11285629
-11284513
-11284292
-11284226
-11284042
-11283609
-11283294
-11282490
-11281870
-11281480
-11280666
-11279827
-11279379
-11278584
-11278542
-11278395
-11278163
-11277656
-11277268
-11276392
-11275307
-11274533
-11273484
-11273397
-11272585
-11271928
-11271623
-11270550
-11270254
-11269430
-11268505
-11268332
-11267311
-11267286
-11266889
-11266750
-11266387
-11265640
-11265490
-11264403
-11264161
-11263067
-11263007
-11261866
-11261778
-11261673
-11261568
-11260951
-11260373
-11260348
-11259268
-11258729
-11258704
-11257894
-11256980
-11256381
-11256292
-11256269
-11255773
-11255200
-11254585
-11253454
-11252715
-11252228
-11251878
-11250782
-11250734
-11250477
-11249420
-11249170
-11248611
-11247956
-11246951
-11246800
-11245980
-11245183
-11245113
-11244835
-11244165
-11243402
-11242665
-11242575
-11242053
-11241771
-11240748
-11239905
-11239296
-11238475
-11237801
-11237028
-11236452
-11235599
-11234821
-11234016
-11233760
-11232769
-11231711
-11230750
-11230222
-11229826
-11228792
-11228132
-11227974
-11226883
-11226553
-11225846
-11225626
-11224495
-11224292
-11224117
-11223368
-11222266
-11222176
-11221063
-11220994
-11220293
-11219202
-11218130
-11217129
-11216411
-11216330
-11216281
-11215565
-11215256
-11214181
-11213306
-11213072
-11212215
-11212038
-11211140
-11210013
-11209075
-11208913
-11207881
-11207002
-11206350
-11205325
-11204855
-11203841
-11203012
-11202884
-11202404
-11202033
-11201532
-11201273
-11200806
-11200492
-11199980
-11198976
-11198075
-11197038
-11196460
-11195657
-11194607
-11193619
-11192569
-11192125
-11191128
-11190411
-11190067
-11189850
-11189500
-11189261
-11188953
-11188494
-11187928
-11187392
-11187002
-11186950
-11185849
-11185496
-11185137
-11184362
-11183610
-11183233
-11182701
-11182069
-11181152
-11180109
-11179754
-11179721
-11179354
-11178676
-11178229
-11177843
-11177463
-11176945
-11176167
-11175443
-11175295
-11175100
-11174536
-11173586
-11173290
-11172647
-11172167
-11171385
-11170605
-11170055
-11169762
-11169489
-11168966
-11168745
-11168164
-11167667
-11167056
-11166517
-11165542
-11165396
-11164936
-11164538
-11163599
-11162879
-11161818
-11161329
-11160614
-11159953
-11159386
-11158905
-11158635
-11158314
-11157506
-11156647
-11156592
-11155769
-11155202
-11154721
-11154063
-11153267
-11152429
-11152403
-11151332
-11151154
-11150484
-11150167
-11149910
-11149878
-11149526
-11149047
-11148674
-11148460
-11147687
-11147444
-11146519
-11145583
-11144888
-11144508
-11143714
-11142840
-11142285
-11141220
-11140537
-11140247
-11139706
-11138712
-11137669
-11136651
-11136629
-11136246
-11136193
-11135219
-11134497
-11134077
-11133388
-11133334
-11132483
-11132108
-11132104
-11131096
-11130713
-11129881
-11129206
-11129092
-11128144
-11127258
-11127226
-11126134
-11125815
-11125518
-11125025
-11124072
-11123559
-11122787
-11121677
-11120844
-11119893
-11119429
-11119191
-11118783
-11118492
-11118187
-11117507
-11116716
-11116074
-11115085
-11114506
-11113599
-11113462
-11112503
-11111772
-11110673
-11110290
-11109375
-11108478
-11108299
-11107468
-11107402
-11106437
-11106379
-11105385
-11105325
-11105038
-11104507
-11103931
-11103459
-11103371
-11102475
-11101823
-11100981
-11100257
-11099584
-11098527
-11097927
-11097159
-11096676
-11095612
-11094592
-11094211
-11093849
-11093326
-11093004
-11092435
-11091369
-11090865
-11089776
-11089639
-11089062
-11088083
-11087822
-11086781
-11086026
-11085603
-11085367
-11084316
-11084198
-11084043
-11083287
-11083013
-11082894
-11082081
-11081696
-11081006
-11080383
-11079757
-11079021
-11078087
-11077772
-11077098
-11076944
-11076857
-11076439
-11075826
-11075802
-11074803
-11074166
-11073762
-11073639
-11072817
-11072575
-11071868
-11070782
-11070416
-11069770
-11069453
-11068975
-11068971
-11067911
-11067401
-11066634
-11066141
-11065896
-11065869
-11064932
-11063994
-11062849
-11062789
-11062678
-11062435
-11062322
-11061632
-11061173
-11060304
-11059968
-11059083
-11058281
-11057498
-11057026
-11056449
-11055336
-11054417
-11054254
-11053924
-11052975
-11052591
-11052137
-11051196
-11050634
-11050493
-11049884
-11049708
-11049271
-11048935
-11048622
-11048180
-11048075
-11047469
-11046633
-11046385
-11045814
-11045734
-11044838
-11044632
-11043743
-11043069
-11042303
-11041251
-11041165
-11040750
-11040044
-11039985
-11039941
-11038905
-11037946
-11037477
-11036565
-11035618
-11035539
-11035313
-11034277
-11033876
-11033436
-11033381
-11032966
-11031945
-11031697
-11031049
-11030458
-11030329
-11029486
-11029146
-11029053
-11028813
-11027825
-11027515
-11026783
-11026437
-11025998
-11025310
-11024778
-11024618
-11024085
-11023221
-11022594
-11021807
-11021792
-11021500
-11020520
-11020165
-11019116
-11018981
-11018813
-11017855
-11016898
-11016305
-11015244
-11014582
-11013499
-11012843
-11011803
-11011234
-11010430
-11009359
-11008693
-11007778
-11007746
-11007474
-11006428
-11005609
-11004968
-11004738
-11004340
-11003499
-11003292
-11003106
-11003064
-11002327
-11001544
-11001086
-11000321
-10999937
-10999134
-10998435
-10997318
-10996590
-10995659
-10995358
-10994348
-10994130
-10993386
-10993117
-10992149
-10991366
-10990924
-10989958
-10989841
-10989223
-10988515
-10987706
-10986747
-10986517
-10985936
-10985345
-10985018
-10984853
-10984051
-10983569
-10983290
-10983221
-10982314
-10981816
-10980864
-10979789
-10979781
-10979197
-10978637
-10977797
-10977100
-10976167
-10975899
-10974812
-10973874
-10972770
-10972157
-10971356
-10970386
-10969391
-10968614
-10968598
-10967656
-10967260
-10966187
-10965765
-10965434
-10965100
-10964050
-10963345
-10963193
-10962601
-10961686
-10960582
-10960371
-10959419
-10959014
-10958347
-10957672
-10957022
-10956750
-10956691
-10956224
-10955605
-10954940
-10953929
-10953755
-10952963
-10952814
-10952774
-10952398
-10952108
-10951285
-10951145
-10950003
-10949932
-10948976
-10947995
-10947466
-10947370
-10946669
-10945952
-10945709
-10945032
-10944212
-10943511
-10942908
-10941806
-10940825
-10940596
-10940422
-10939533
-10938704
-10938214
-10938019
-10937327
-10936740
-10935813
-10935494
-10934653
-10933754
-10932859
-10932735
-10931725
-10931384
-10930789
-10930738
-10930336
-10930332
-10929916
-10929475
-10929396
-10928936
-10928510
-10927788
-10927623
-10927230
-10927051
-10926991
-10926886
-10925944
-10925087
-10924535
-10923449
-10922964
-10922306
-10921511
-10920820
-10919892
-10919768
-10919559
-10918725
-10918667
-10917658
-10916742
-10916404
