99
300351 195607
156757 338262
138845 354524
366412 124476
312348 184378
153745 336596
138857 351702
224995 265811
477864 13021
178437 312732
383010 113663
257981 237334
36460 462222
272445 226887
175012 316124
194874 301702
483789 9468
251132 244959
451661 40527
297656 192662
45659 445703
305084 192226
87809 403676
164517 326959
377518 114055
441989 52863
294151 198583
190121 308323
232728 261432
408902 87871
100356 390904
319645 179433
222090 272111
114855 384955
30887 460157
320743 172076
48746 450813
11198 481065
341563 150965
186527 303569
467269 29231
324480 172031
78955 418619
411568 87897
130240 363115
256574 241534
122663 372267
192071 304227
160962 338821
5177 486346
325270 174016
103792 393653
694 494238
368580 128450
270442 228646
342431 155693
192973 306811
121887 371163
477503 18401
239960 255289
423266 67597
399786 98592
276373 215667
148464 346038
328671 166540
369401 127719
381781 109108
481540 11451
71525 420369
82127 411520
423289 70001
353003 145359
93440 406026
458810 31906
182608 309108
266157 227436
282166 209244
377931 115620
294924 200648
390288 108643
148396 344847
203408 290409
202972 293028
198342 298014
339002 157952
400275 91114
478756 18836
24082 472057
20022 477490
8389 488218
479127 19085
92395 406490
36851 457110
260102 235363
45636 445770
347878 152106
61326 429126
168200 331232
180117 315395
