831891
507013
336781
237666
282116
683041
765161
588914
813658
257110
589556
227891
277585
368420
903347
983335
761974
333485
984629
665808
74784
852684
766288
897230
689090
35190
907677
215659
941261
882189
337593
653128
694833
682867
293363
481543
730739
527948
37259
113922
135846
338525
633261
32223
522329
971110
340668
224392
407016
932290
539828
323693
756719
308528
942852
388749
641296
212909
91300
877521
959748
199203
356698
831292
738111
927974
824534
287801
437585
545450
621625
325156
108791
12139
853153
35637
304634
368861
896577
66294
530119
983048
941182
438896
504696
207995
903147
704660
364098
793157
467268
710064
710485
437888
470310
190435
532491
801566
784139
973638
