40760
50460
645180
217072
298898
272822
654488
360114
10420
696971
79157
549693
996815
225538
625867
735593
533110
471484
210333
528365
308664
384468
696584
759224
117035
799157
817316
719081
30980
579831
281056
97502
215316
602698
352580
297014
603129
887436
944257
779857
123071
939308
729260
991188
460051
733428
598618
106097
825795
343868
110030
623945
11373
839005
204295
72076
416805
379696
879757
139387
114669
224550
705458
580429
578445
932821
226864
218200
628346
313576
329884
252024
223088
462687
292569
655106
787638
127700
754340
606501
752972
255917
765010
588914
373589
195583
605937
470649
122050
614500
485268
29767
