165287
668567
435218
871326
160592
594639
45331
950563
108215
187354
598529
953079
774567
324019
949720
876310
506852
853517
578645
34106
677373
672524
974219
408740
692017
797864
214816
83672
832623
789348
287465
781900
382560
222347
700013
503012
796247
888112
90548
875417
568103
99638
541264
188690
616306
391619
27723
482300
252725
653714
775955
643078
665653
206730
604080
833814
247190
236616
903681
188189
205056
307864
454723
493130
704703
867082
233208
793948
757765
830587
186166
794529
292940
966494
149515
118966
818901
594851
951709
768732
685998
558696
751557
477003
603604
371801
909975
402898
145681
75719
825795
314555
449234
10526
738862
524848
694757
399924
402331
