92
88749 408147
131980 365596
485552 9402
259747 230878
263958 231462
151899 346839
267669 225712
412387 80461
161384 334935
323707 170385
131516 362218
109427 384713
185439 308611
410245 80707
130928 360384
183854 315436
28362 462750
374367 115636
421908 72221
363217 134120
172227 323775
19967 470931
386043 110249
90059 408302
330498 161015
440595 52426
286871 211133
475893 23437
64068 431454
25154 471466
456725 35611
88321 406591
171135 319147
427296 69074
71591 418485
138847 358372
209255 290741
181961 317416
225667 266029
271339 222238
29846 460939
205754 285452
70840 423388
121938 375087
75336 420021
343256 156445
178086 312101
217241 277702
59312 430949
87199 409527
137792 354272
416736 75322
463005 32435
244957 247503
263332 230870
321555 177663
316438 181818
132862 362270
188708 305653
360526 132176
190118 301383
212209 285325
279150 216954
12062 487361
478643 16977
51713 439052
157265 334011
20506 474746
131734 360559
136833 354050
315936 183092
57319 441426
273018 222661
96663 402963
157855 341956
284295 213453
79051 414966
107385 388533
399168 93210
90083 407276
416058 77786
400839 90212
376940 120543
366283 128354
315557 177727
414178 77396
250652 247219
130952 365217
328538 169537
534 495828
142332 352609
344699 145763
