97
410018 85533
50388 447934
301026 191986
427876 62994
333617 164312
170012 320276
145304 353801
482570 9046
195434 300332
222510 267811
43219 453976
414903 84136
249479 245688
484050 9040
227782 271169
50735 447344
155260 335202
486465 5991
262703 227565
87924 408860
282058 214671
438680 56635
74620 419027
462926 29108
275322 218322
45752 447835
127795 371971
186273 307693
364339 134578
348828 149735
139289 356367
181608 316568
290010 201565
317383 176742
389505 108791
55583 437724
100194 397847
412859 78368
30482 465651
8195 490033
37851 457086
412993 77218
446606 48287
284048 206280
452435 38578
360972 135077
414373 78434
27478 470686
69698 428020
389419 103040
140247 353718
409953 85901
144249 353297
446389 43836
279276 217047
94358 405613
94977 395317
287779 203398
400633 98661
48620 450723
256876 238385
427043 71978
150208 342001
273532 225891
244456 246406
233357 264676
162346 335249
459136 34416
218863 273499
220106 271938
18504 474161
87587 410115
476835 16292
67124 424470
152470 343124
69044 427604
104765 386318
402985 96349
126452 372858
124652 371546
398485 98948
385133 113015
152735 344728
444380 48706
260849 237053
123236 369613
179466 316070
299590 191911
125750 372338
90766 404429
137846 359139
206933 290327
77374 421502
479290 17086
165433 326244
269161 225873
401513 98474
