62892
162063
510280
182540
983335
565718
476033
359403
882189
214859
701189
281166
79740
839682
648655
576592
619824
467347
184775
561798
254342
22854
625375
248253
6585
440313
421252
698580
208229
903245
878985
620420
267515
899105
235162
360488
172923
545158
24831
147373
840621
461038
309112
264470
889470
930936
523703
736884
968535
421986
882234
980901
4808
360887
874270
996935
429322
374055
656915
569696
266144
69482
658850
271515
20597
136573
211646
719557
560898
766710
473029
489420
250872
982355
748826
382456
789179
808010
874340
262189
978586
928397
417917
739239
692084
38814
834913
555741
573649
759057
145049
14021
780246
754609
767798
883254
736966
990906
892177
