78318
585415
339473
340417
27338
49650
730927
512036
258492
164320
227918
927156
228991
163879
755069
426135
221179
5988
561756
918281
749780
684405
602194
564351
24835
708382
995746
256842
713623
949035
884938
264971
724835
132797
613326
606968
616322
183670
106103
316723
513033
29637
28586
817069
667705
500439
493033
132532
286921
427217
20384
69206
603731
268024
558252
335848
902584
616706
771335
762422
271002
745892
188009
762776
582684
968329
613476
52047
757072
199659
842466
591174
520861
789135
808573
233111
68660
35262
846651
524525
422252
191363
521005
774348
524525
913942
488945
715816
783913
79045
355727
46711
107519
932505
