100
371551 122361
166032 332906
478932 18941
243172 253802
123726 370258
446955 51352
135974 358404
108101 386536
234216 256618
374544 121737
288854 205867
58609 438320
411818 78958
253634 243875
48877 448436
489180 7546
210757 287833
176273 315644
274300 219763
376735 119270
231499 259056
42087 455665
381446 114528
28426 469845
276096 219331
464248 27520
19037 477537
267627 222564
134280 365435
238403 252482
177173 317451
407914 88154
88535 402470
472756 17403
484673 5527
414649 79003
487918 7743
224171 275230
397102 93746
267054 232251
161770 335359
54583 440016
376211 117905
425727 65304
216272 276064
151403 342649
473070 17592
90724 400510
13676 480781
340413 153420
340663 150740
453761 36965
246182 249453
241925 248862
9898 480859
91852 403239
308337 183640
350467 142532
477095 22365
489032 3870
412784 79987
72664 421343
329035 165371
37811 457861
52407 446262
361189 137465
413666 78130
232384 267402
242130 249197
436079 56029
479838 15456
454510 41440
293672 196413
51253 446716
11279 487393
218054 273533
67080 426539
338682 153592
301082 191467
437614 55135
4173 489005
61814 430009
430879 68909
276878 222657
232286 258319
226334 264633
222401 269297
225309 267572
5486 492581
181654 312445
128981 370157
84600 412026
107162 389553
430994 60049
485127 9420
43940 449924
380055 116947
449013 44808
413121 86507
384943 105847
