253011
830511
565868
145097
292309
320278
555224
582821
245848
131893
932890
634654
338947
565668
261088
522701
183796
539750
279277
622114
441766
751423
791807
743550
279875
869595
649149
514128
114817
142806
161968
145883
70412
328691
97109
296575
130692
355023
67508
323937
684542
128273
828126
854829
434169
861906
361774
287520
738853
738573
556126
752318
644696
713661
241356
192286
280201
124274
722979
671320
353372
548513
638034
83986
913200
17135
54530
660310
950697
306494
27993
83266
415585
844171
883831
758886
627980
775849
529891
730137
551983
470229
660177
964729
534748
432427
77508
888287
961441
938172
666881
343615
