95
13734 485644
140869 349714
470729 25150
55852 437609
4349 492881
303693 189171
120054 377721
339846 154621
133 493511
139677 351105
204761 288275
173755 318543
428617 63853
23815 470923
135141 356328
476967 19557
180605 317971
152549 346373
361398 130030
24002 472801
357145 138178
435485 60100
412264 80644
144000 354852
419767 76664
395829 99688
160465 331839
407590 87478
83586 407555
347173 143927
174671 315726
122102 376231
109001 387492
268428 225637
351112 141862
110706 381012
203520 292553
27327 472059
231795 264874
139187 358230
258190 240372
192080 298868
188221 306847
379501 111409
118137 378848
484416 7334
72614 424874
165153 333653
5217 486051
145311 347634
227412 269281
310571 179761
211461 282283
247667 249559
206358 292720
249151 243351
38649 452901
154754 335455
355221 144027
165096 334082
479345 12710
343151 153594
348250 151532
422796 76538
429083 65471
163746 329419
247961 247084
39318 452217
403535 89439
222915 267302
44803 448950
285398 210226
244673 246582
435733 57724
38548 456430
226735 264437
164160 328076
374174 118179
60257 433225
27569 471074
259675 240229
47066 452188
168111 322861
222912 273895
304154 185858
151205 341174
158714 333562
278635 214547
310706 180540
291377 203102
425208 66997
121323 375215
51323 445951
85408 413917
399704 95738
