299700
815025
340443
132358
704860
887409
417280
921255
29649
71915
85551
287440
586061
795257
792757
820263
345739
61708
915859
641645
629451
940370
875375
655982
288904
596781
492590
105795
749074
242930
70910
370717
724817
823275
903166
675828
345216
840057
301206
866605
615117
268526
992259
775119
42938
459826
355884
925752
443729
628617
113064
492061
535640
364769
37777
727846
612065
531828
474173
178961
514170
200951
332820
580429
42976
881439
722823
724175
548756
421174
247534
634366
361044
384361
628971
595968
974404
149410
6894
77246
593050
402909
305540
513517
960984
948132
18824
114669
545934
783043
698921
496991
167335
894246
874135
550807
623951
