99
329250 165749
18174 472805
139761 357336
98737 393203
428904 67112
247613 243117
123015 375442
209894 285936
111310 381413
417875 74156
467551 31106
275612 222179
109846 384061
368089 123773
278950 213876
376923 115397
434567 55899
246003 251304
132217 362168
216277 283386
409119 82355
76710 414006
388170 111698
303255 189654
297056 197382
188831 308105
166353 328812
437686 56289
195592 295185
397342 93945
301190 195272
424314 71490
452077 45042
301053 190964
72459 419112
300091 193303
280306 211779
390557 108427
52771 444021
392734 105858
372381 119473
290639 201094
67554 429876
370922 123106
3448 494004
392257 105982
482052 16548
411072 81248
95606 399073
475852 18317
418670 78608
6665 492037
423704 71465
74245 415894
429665 70243
211284 287409
315635 183044
489114 1741
103610 390074
406616 92429
127521 371113
145205 350108
470878 25145
171454 319668
212374 285541
147367 344826
162413 336475
43530 455151
72837 426296
374651 125019
482985 11167
160830 335319
301274 198640
481356 10286
146699 345075
404589 85900
411541 80040
109342 387882
357641 136628
94124 396140
128389 369112
379234 114944
269034 223129
100525 391926
51259 441455
60013 433583
85758 408114
321491 168607
173303 319065
406650 87427
166270 323991
212626 284874
116281 375762
472177 21989
151113 339781
23684 469484
153447 345971
273956 224244
301645 194147
