94
423908 75409
224554 274760
222977 276640
74086 421902
368675 122645
425599 66559
75943 414550
245449 248651
58417 437264
196682 300099
489193 10787
286206 208022
7420 488028
20122 476167
468679 22711
484711 5787
207956 286145
466582 25467
371614 119473
348732 145214
414443 79112
56488 438692
98628 395685
264498 226555
293497 203769
353076 137887
143337 351000
141428 353891
105283 391521
459568 35493
454328 45421
5245 485918
173156 319240
453141 45666
360737 133180
463405 26696
190794 301161
433645 62218
78625 411637
338707 154568
473430 18580
300515 192436
308861 188720
5637 491918
206426 289550
62390 428878
465614 30129
322911 176700
9510 486907
254284 238262
186372 309697
234693 262070
393590 103562
21042 471838
462898 29186
30145 469723
68724 423923
302895 189486
182089 317654
309037 182524
222497 271025
129439 367919
279011 217165
295261 196665
136809 353977
428122 65789
339383 154084
420986 72390
84268 411088
287445 211500
381674 117141
432260 59839
318644 180511
16465 475475
231536 262700
278198 212161
15816 477099
283422 215022
245468 253193
293740 205831
128988 361983
467964 27820
410850 82890
138905 353582
235951 263620
201432 291115
476223 23015
30889 459318
136961 362026
287896 205474
110098 389800
334076 158737
240434 259564
236499 254776
