269778
598106
893177
871012
146483
488667
626472
115534
471195
518141
463257
500386
276192
914052
42670
471646
746239
878668
740173
63539
233969
966326
147324
343765
831568
8002
286016
604429
584926
7232
589965
132272
439931
704791
688765
165633
915771
788375
754091
155882
608167
35537
976096
472030
698921
991017
546229
849575
699279
27823
74572
268432
166467
593141
122612
521527
629416
863709
6806
877387
217691
906235
901175
125827
220482
271626
237664
373812
44851
348620
492520
26910
326347
529850
656403
834762
738813
628021
545790
16228
109826
490431
324874
927015
571880
203697
21196
589343
718048
516400
807872
406507
643167
630445
362287
