92
265886 226776
248947 245212
472945 25684
283472 213599
392379 99672
181185 318471
66533 426784
54000 439063
374271 125591
365951 126332
21420 478402
292543 206156
182796 315301
123522 372361
123397 370050
294187 204327
370684 123295
244817 247150
103366 391900
442785 50684
281873 216887
315600 178186
304634 194194
311536 179877
18213 477624
40667 453594
131913 359053
188637 304379
83676 408955
137430 356397
19267 476234
38932 460360
389699 104443
213339 280675
237418 256507
307785 186973
58547 436310
96432 399443
19713 475184
301284 194497
245965 246013
205007 285575
178967 317379
34340 456032
116464 379657
40271 452215
52779 444446
200015 291850
306560 184362
43542 453026
427220 66229
389139 102553
458559 39101
360560 131134
479122 19092
28007 462798
252452 245023
419618 70602
118815 371776
300160 191644
180298 319217
456005 37205
78750 418425
350334 149402
258240 233725
81114 418632
110259 383748
432215 65681
249750 250191
113550 386126
239136 255248
132658 360455
212669 285657
111302 386122
123454 373567
251346 246801
239599 257899
33136 465272
144451 347214
105020 392757
489651 5345
144678 354394
219203 272550
202420 294251
412840 77239
363464 132236
75255 419238
355094 138024
483653 11802
124758 370847
323073 175591
61590 430562
