811 403
455 685 591 687 353 533 793 506 241 273 457 610 624 623 640 414 282 268 61 220 752 465 455 780 628 538 35 227 25 110 511 156 569 585 11 115 17 703 727 67 499 528 711 260 429 629 750 318 89 332 572 334 300 165 330 482 480 447 414 190 128 240 427 415 62 504 679 201 514 765 165 287 714 634 379 643 460 368 552 776 791 183 389 720 647 255 483 143 555 332 475 451 634 70 114 460 280 4 243 136 210 406 443 434 299 730 343 454 600 26 733 407 581 584 438 49 268 653 412 546 588 667 111 265 260 376 436 495 91 295 454 713 383 678 698 639 761 58 424 628 64 476 122 196 323 352 71 129 67 601 536 411 92 757 360 596 542 593 70 136 742 339 506 756 737 88 516 86 809 190 406 385 610 364 810 777 75 406 661 21 703 349 461 608 125 246 272 351 403 606 230 206 587 636 778 320 736 614 555 726 696 383 230 159 413 111 330 468 22 411 620 87 734 279 768 399 724 488 259 72 199 753 492 376 551 618 443 315 734 176 703 242 800 620 281 147 211 713 627 204 781 436 148 226 796 532 584 477 325 680 681 269 524 155 710 596 40 270 383 345 507 787 463 354 161 591 440 213 592 672 41 31 8 459 378 501 485 618 593 122 731 634 44 94 689 601 714 203 593 572 695 446 724 107 775 219 500 534 343 569 14 597 144 249 452 16 251 208 14 465 704 500 314 210 486 798 85 742 549 490 60 768 149 425 326 77 678 494 367 76 442 345 159 716 719 279 279 330 693 118 233 123 224 338 545 508 772 339 378 557 702 36 805 695 756 529 447 134 206 510 684 91 249 33 512 289 494 737 726 203 614 739 528 377 148 506 314 330 740 408 26 407 116 337 686 362 774 345 244 744 697 639 555 509 637 303 735 228 479 589 162 167 421 580 660 407 513 161 417 431 570 124 153 317 778 797 444 222 700 493 509 354 70 147 358 569 272 328 410 731 75 771 125 209 339 333 795 159 693 620 34 180 222 523 155 455 430 466 433 304 167 42 450 41 484 6 430 49 432 634 571 397 652 482 496 106 356 37 251 1 243 808 785 326 732 332 648 290 54 328 227 158 120 801 19 419 75 156 66 121 78 171 596 590 338 215 651 398 238 402 165 582 315 63 343 593 21 388 206 170 322 277 40 232 368 216 148 317 661 126 774 619 585 328 63 232 267 496 577 77 610 481 753 159 285 229 223 804 789 515 698 100 679 141 630 351 301 578 336 551 649 191 399 397 599 579 565 290 766 453 232 206 150 337 187 557 710 420 132 765 367 184 409 67 159 235 559 90 51 473 436 637 407 504 634 158 268 778 294 340 289 333 300 163 280 223 109 744 635 557 805 596 681 54 43 51 749 369 546 241 242 411 45 494 225 513 763 143 793 527 764 225 187 623 791 755 580 763 774 739 215 231 95 154 455 591 60 761 112 370 194 743 551 144 38 63 760 730 668 219 154 722 72 655 440 519 511 153 707 38 249 217 624 131 343 179 571 745 328 290 690 633 739 302 117 20 741 337 116 151 726 181 615 629 86 685 314 2 767 443 371 341 508 333 21 715 403 572 253 668 11 143 667 283 365 375 635 4 706 76 351 208 611 433 100 733 233 38 523 337 769 216 338 128 56 101 535 487 552 757 621 713 807 524 233 353 90 21 322 30 346 734 449 186 561 451 23 484 673 481 438 306 597 495 17 779 476 581 740 639 709 271 121 715 25 436 98 386 714 595 240 202 581 106 107 348 10 523 220 65 455 503 763 573 238 219 290 21 624 553 447 602 568 509 428 357 298 671 662 72 657 788 203 599 242 561 302 326 391 250 758 
543 624
481 539
615 649
418 612
91 746
81 115
51 548
278 303
262 533
583 794
298 540
562 703
215 658
369 543
587 691
444 463
252 477
404 468
648 769
523 630
442 531
372 787
308 327
697 697
190 349
398 530
229 348
342 630
376 425
405 737
158 481
598 746
125 197
476 522
10 713
196 726
284 563
9 73
470 551
783 796
241 310
713 731
19 578
666 741
369 676
708 719
202 687
630 689
629 683
356 385
592 718
249 374
187 601
328 726
308 549
452 631
660 675
196 484
385 650
766 769
320 721
433 454
657 790
377 496
440 577
351 637
83 774
332 775
698 744
177 662
341 532
307 794
113 333
344 501
627 778
282 711
546 772
623 736
609 657
630 684
456 471
160 412
455 535
489 697
77 599
237 611
238 448
565 584
534 752
612 788
66 220
189 495
27 781
87 715
677 735
765 811
374 543
462 781
764 798
286 582
10 138
524 804
317 686
467 791
19 720
399 756
665 672
507 551
277 561
367 799
534 687
717 795
373 714
378 701
339 518
308 811
355 443
141 209
531 803
739 771
89 366
174 355
537 810
715 759
281 425
472 712
322 633
672 800
615 682
131 684
804 811
658 769
782 807
763 776
608 655
323 433
242 425
673 707
211 372
174 704
519 635
575 626
144 392
546 779
440 679
277 422
299 542
217 593
153 554
75 372
462 500
796 807
363 469
20 573
489 600
245 376
339 498
421 746
654 696
187 275
593 703
698 779
198 225
69 739
378 779
224 730
442 497
234 747
57 228
526 577
313 751
384 457
8 589
631 795
187 198
633 753
459 790
696 734
638 740
47 124
305 484
126 610
544 785
656 776
202 206
178 541
724 804
594 648
716 754
231 766
604 689
153 228
121 786
171 767
502 533
468 680
201 231
239 777
123 593
575 753
66 694
113 501
785 802
755 781
151 713
378 522
463 697
28 100
706 805
69 705
808 811
606 754
194 800
117 250
102 364
479 785
635 791
331 657
562 679
588 723
326 352
760 799
722 784
69 389
174 654
223 321
169 466
232 269
32 622
335 494
199 619
636 688
297 676
680 710
730 790
494 811
281 492
194 554
295 295
575 798
108 155
133 340
249 469
173 634
668 698
776 800
589 644
715 733
113 473
252 578
291 756
416 710
805 806
108 594
609 679
377 526
740 790
34 593
626 721
191 544
151 547
686 788
334 615
658 729
244 450
468 659
519 666
795 799
83 165
257 426
392 664
38 686
747 767
213 286
263 577
647 652
169 444
534 548
350 603
593 716
650 684
786 795
460 534
190 637
399 462
421 530
61 92
405 619
218 555
696 763
597 708
484 596
40 477
672 772
513 585
310 312
405 508
81 148
58 414
379 612
365 392
76 722
263 678
594 726
258 295
442 727
193 433
239 624
149 705
418 493
111 702
715 724
389 733
44 81
254 579
562 742
725 789
183 637
322 608
462 621
10 701
88 637
385 656
688 715
754 775
193 683
297 790
148 275
267 732
662 810
725 790
78 576
241 661
3 783
732 811
97 502
287 316
227 354
719 777
322 398
215 716
546 559
560 634
172 482
241 298
542 699
568 587
751 799
330 603
293 743
434 646
583 759
215 361
26 182
684 771
635 737
445 521
632 652
341 636
62 308
290 498
429 545
595 596
792 802
328 745
761 797
51 332
286 452
187 288
720 775
602 671
381 423
660 792
465 488
566 797
275 779
719 723
711 794
216 421
347 360
300 634
160 380
654 722
668 702
503 626
697 757
447 672
371 579
432 624
107 510
595 602
521 806
358 793
116 631
423 703
189 516
614 766
234 276
579 644
252 737
260 314
461 636
809 809
